1-Bit ALU 

M0 M1  	A  B 	C/B     R

0  0  	0  0 	0     	0
0  0  	0  1    0     	0
0  0  	1  0    0     	0
0  0  	1  1    0     	1

0  1  	0  0 	0     	0
0  1  	0  1    0     	1
0  1  	1  0    0     	1
0  1  	1  1    0     	1

1  0  	0  0 	0     	0
1  0    0  1    0 	1
1  0  	1  0    0     	1
1  0  	1  1    1     	0

1  1  	0  0 	0     	0
1  1  	0  1    1     	1
1  1  	1  0    0     	1
1  1  	1  1    0     	0


OP-Code 

0 0   0  A & B  AND
0 1   1  A | B  OR
1 0   2  A + B  ADD
1 1   3  A - B  SUB



-----------------------------------------------

1-Bit ALU 

A  B  C/Bin	M0 M1  		C/Bout  R

0  0  	0	0  0 		0     	0
0  0    1  	0  0    	0     	0
0  1  	0	0  0    	0     	0
0  1  	1	0  0    	0     	1
1  0    0 	0  0    	0     	1

0  0  	0	0  1 		0     	0
0  1  	0	0  1    	0     	1
1  0  	0	0  1    	0     	1
1  1  	0	0  1    	0     	1

0  0  	0	1  0 		0     	0
0  1  	0	1  0    	0     	1
1  0  	0	1  0    	0     	1
1  1  	0	1  0    	1     	0

0  0  	0	1  1 		0     	0
0  1  	0	1  1    	1     	1
1  0  	0	1  1    	0     	1
1  1  	0	1  1    	0     	0


OP-Code 

0 0   0  A & B
0 1   1  A | B
1 0   2  A + B
1 1   3  A - B

-----------------------------------------------

2-Bit ALU

M0 M1  	A0 A1  B0 B1	C/B     R0    R1 

0  0  	0  0   0  0	0     	0     0
0  0  	0  0   0  0	0     	0     0
0  0  	0  0   0  0	0     	0     0
0  0  	0  0   0  0 	0     	0     0



0  1  	0  0 		0     	0
0  1  	0  1    	0     	1
0  1  	1  0    	0     	1
0  1  	1  1    	0     	1

1  0  	0  0 		0     	0
1  0    0  1    	0 	1
1  0  	1  0    	0     	1
1  0  	1  1    	1     	0

1  1  	0  0 		0     	0
1  1  	0  1    	1     	1
1  1  	1  0    	0     	1
1  1  	1  1    	0     	0


OP-Code 

0 0   0  A & B
0 1   1  A | B
1 0   2  A + B
1 1   3  A - B


-----------------------------------------------

3x1 Comparator 

			I0 comp I1                      I0 comp I2			   I1 comp I2

I0  I1  I2  	     |  I0 < I1 |  I0 = I1 | I0 > I1  | I0 < I2 |  I0 = I2 | I0 > I2     | I1 < I2 |  I1 = I2 | I1 > I2 

0   0   0		   0 	      1         0         0           1         0             0           1        0
0   0   1		   0 	      1         0         1           0         0             1           0        0
0   1   0		   1 	      0         0         0           1         0             0           0        1
0   1   1		   1 	      0         0         1           0         0             0           1        0
	
1   0   0		   0	      0         1	  0	      0         1	      0           1        0					
1   0   1 		   0	      0         1         0           1         0             1           0        0 	
1   1   0                  0          1         0         0           0         1             0           0        1 
1   1   1                  0          1         0         0           1         0             0           1        0 


-----------------------------------------------

1 to 4-Bit Demultiplexer 

S0  S1  I    O0  O1  O2  O3 

0   0   0    0    0   0   0
0   0   1    1    0   0   0
0   1   0    0    0   0   0 
0   1   1    0    1   0   0 
1   0   0    0    0   0   0  
1   0   1    0    0   1   0 
1   1   0    0    0   0   0 
1   1   1    0    0   0   1 

-----------------------------------------------

1 to 8-Bit Demultiplexer 

S0  S1  S2  I    O0   O1  O2  O3  O4  O5  O6  O7

0   0   0   0	 0    0   0   0   0    0   0   0
0   0   0   1 	 1    0   0   0   0    0   0   0
0   0   1   0 	 0    0   0   0   0    0   0   0
0   0   1   1 	 0    1   0   0   0    0   0   0
0   1   0   0 	 0    0   0   0   0    0   0   0
0   1   0   1 	 0    0   1   0   0    0   0   0
0   1   1   0 	 0    0   0   0   0    0   0   0
0   1   1   1 	 0    0   0   1   0    0   0   0
1   0   0   0	 0    0   0   0   0    0   0   0
1   0   0   1 	 0    0   0   0   1    0   0   0
1   0   1   0 	 0    0   0   0   0    0   0   0
1   0   1   1 	 0    0	  0   0   0    1   0   0
1   1   0   0 	 0    0   0   0   0    0   0   0
1   1   0   1 	 0    0   0   0   0    0   1   0
1   1   1   0 	 0    0   0   0   0    0   0   0
1   1   1   1 	 0    0   0   0   0    0   0   1

-----------------------------------------------


1 to 16-Bit Demultiplexer 

S0  S1  S2  S3  I    O0   O1  O2  O3  O4  O5  O6  O7  O8  O9 O10 O11 O12 O13 O14 O15

0   0   0   0   0     0    0   0   0   0   0   0   0   0   0   0   0   0   0   0   0 
0   0   0   0   1     1    0   0   0   0   0   0   0   0   0   0   0   0   0   0   0 
0   0   0   1   0     0    0   0   0   0   0   0   0   0   0   0   0   0   0   0   0 	
0   0   0   1   1     0    1   0   0   0   0   0   0   0   0   0   0   0   0   0   0 
0   0   1   0   0     0    0   0   0   0   0   0   0   0   0   0   0   0   0   0   0 	
0   0   1   0   1     0    0   1   0   0   0   0   0   0   0   0   0   0   0   0   0 
0   0   1   1   0     0    0   0   0   0   0   0   0   0   0   0   0   0   0   0   0 
0   0   1   1   1     0    0   0   1   0   0   0   0   0   0   0   0   0   0   0   0 
0   1   0   0   0     0    0   0   0   0   0   0   0   0   0   0   0   0   0   0   0 
0   1   0   0	1     0    0   0   0   1   0   0   0   0   0   0   0   0   0   0   0 
0   1   0   1   0     0    0   0   0   0   0   0   0   0   0   0   0   0   0   0   0 
0   1   0   1   1     0    0   0   0   0   1   0   0   0   0   0   0   0   0   0   0
0   1   1   0   0     0    0   0   0   0   0   0   0   0   0   0   0   0   0   0   0 
0   1   1   0   1     0    0   0   0   0   0   1   0   0   0   0   0   0   0   0   0
0   1   1   1 	0     0    0   0   0   0   0   0   0   0   0   0   0   0   0   0   0  
0   1   1   1   1     0    0   0   0   0   0   0   1   0   0   0   0   0   0   0   0	
1   0   0   0   0     0    0   0   0   0   0   0   0   0   0   0   0   0   0   0   0 
1   0   0   0   1     0    0   0   0   0   0   0   0   1   0   0   0   0   0   0   0
1   0   0   1   0     0    0   0   0   0   0   0   0   0   0   0   0   0   0   0   0 
1   0   0   1   1     0    0   0   0   0   0   0   0   0   1   0   0   0   0   0   0
1   0   1   0   0     0    0   0   0   0   0   0   0   0   0   0   0   0   0   0   0 
1   0   1   0   1     0    0   0   0   0   0   0   0   0   0   1   0   0   0   0   0
1   0   1   1   0     0    0   0   0   0   0   0   0   0   0   0   0   0   0   0   0 
1   0   1   1   1     0    0   0   0   0   0   0   0   0   0   0   1   0   0   0   0
1   1   0   0   0     0    0   0   0   0   0   0   0   0   0   0   0   0   0   0   0 
1   1   0   0	1     0    0   0   0   0   0   0   0   0   0   0   0   1   0   0   0
1   1   0   1   0     0    0   0   0   0   0   0   0   0   0   0   0   0   0   0   0 
1   1   0   1   1     0    0   0   0   0   0   0   0   0   0   0   0   0   1   0   0
1   1   1   0   0     0    0   0   0   0   0   0   0   0   0   0   0   0   0   0   0 
1   1   1   0   1     0    0   0   0   0   0   0   0   0   0   0   0   0   0   1   0     
1   1   1   1   0     0    0   0   0   0   0   0   0   0   0   0   0   0   0   0   0 	 
1   1   1   1 	1     0    0   0   0   0   0   0   0   0   0   0   0   0   0   0   1

-----------------------------------------------




